G = [
17.9347594136212   	0                  	0                  	0                  	-17.924651413621202
0                  	1.3545728734252758 	-1.3545728734252758	0                  	0                  
0                  	-1.3545728734252758	4.693545024989106  	0                  	-3.33897215156383  
0                  	0                  	0                  	0.3709404444088919 	-0.3709404444088919
-17.924651413621202	0                  	-3.33897215156383  	-0.3709404444088919	21.634564009593923 
];

B = [
-95.61407471751679	0                  	0                 	0                  	96.11369871751678 
0                 	-21.831791154775317	21.847592077900316	0                  	0                 
0                 	21.847592077900316 	-67.03405189435695	0                  	45.20226073958163 
0                 	0                  	0                 	-20.705431728957688	20.700408178007688
96.11369871751678 	0                  	45.20226073958163 	20.700408178007688 	-159.0214381860561
];

Y = G + 1i*B;
