function mpc = Total_MG_casefile
mpc.version = '2';
mpc.baseMVA = 100;
mpc.bus = [
7.0 1.0 486.0 230.0 0.0 0.0 1.0 1.0 0.0 220.0 1.0 1.06 0.94 ;
15.0 1.0 0.0 0.0 0.0 0.0 1.0 1.0 0.0 220.0 1.0 1.06 0.94 ;
10.0 1.0 100.0 290.0 0.0 3.13E-4 1.0 1.0 0.0 400.0 1.0 1.06 0.94 ;
12.0 1.0 0.0 0.0 0.0 0.0 1.0 1.0 0.0 380.0 1.0 1.06 0.94 ;
8.0 2.0 0.0 0.0 0.0 0.0 1.0 1.017 0.0 15.75 1.0 1.06 0.94 ;
1.0 1.0 0.0 0.0 7.0E-6 3.46E-4 1.0 1.0 0.0 380.0 1.0 1.06 0.94 ;
3.0 1.0 200.0 50.0 0.0 0.0 1.0 1.0 0.0 225.0 1.0 1.06 0.94 ;
6.0 1.0 200.0 90.0 0.0 0.024793 1.0 1.0 0.0 110.0 1.0 1.06 0.94 ;
2.0 1.0 1.0 0.0 0.0 0.0 1.0 1.0 0.0 225.0 1.0 1.06 0.94 ;
9.0 3.0 0.0 0.0 0.0 0.0 1.0 1.018 0.0 15.75 1.0 1.06 0.94 ;
5.0 1.0 0.0 0.0 0.0 0.0 1.0 1.0 0.0 21.0 1.0 1.06 0.94 ;
17.0 1.0 0.0 0.0 0.0 0.0 1.0 1.0 0.0 380.0 1.0 1.06 0.94 ;
11.0 1.0 0.0 0.0 0.0 0.0 1.0 1.0 0.0 380.0 1.0 1.06 0.94 ;
14.0 1.0 0.0 0.0 0.0 0.0 1.0 1.0 0.0 380.0 1.0 1.06 0.94 ;
4.0 2.0 0.0 0.0 0.0 0.0 1.0 1.0 0.0 10.5 1.0 1.06 0.94 ;
16.0 1.0 0.0 0.0 0.0 0.0 1.0 1.0 0.0 220.0 1.0 1.06 0.94 ;
];
mpc.gen = [
4.0 90.0 100.256 0.0 0.0 1.0 100.0 1.0 0.0 0.0 0.0 0.0 0.0 0.0 0.0 0.0 0.0 0.0 0.0 0.0 0.0 ;
8.0 140.0 77.743 200.0 0.0 1.017 100.0 1.0 0.0 0.0 0.0 0.0 0.0 0.0 0.0 0.0 0.0 0.0 0.0 0.0 0.0 ;
8.0 150.0 83.296 200.0 0.0 1.017 100.0 1.0 0.0 0.0 0.0 0.0 0.0 0.0 0.0 0.0 0.0 0.0 0.0 0.0 0.0 ;
9.0 600.492701 386.922556 600.0 0.0 1.018 100.0 1.0 0.0 0.0 0.0 0.0 0.0 0.0 0.0 0.0 0.0 0.0 0.0 0.0 0.0 ;
];
mpc.branch = [
7.0 15.0 0.004545454545454546 0.13636363636363635 0.043487158 0.0 0.0 0.0 0.0 0.0 1.0 -360.0 360.0 ;
12.0 10.0 2.625E-4 0.0039375 0.10379823999999999 0.0 0.0 0.0 0.0 0.0 1.0 -360.0 360.0 ;
8.0 7.0 1.4285743801652892E-4 0.01111019214876033 -0.0687389868 0.0 0.0 0.0 1.0 0.0 1.0 -360.0 360.0 ;
1.0 12.0 2.9085872576177285E-4 0.004362880886426592 0.0952655896 0.0 0.0 0.0 0.0 0.0 1.0 -360.0 360.0 ;
6.0 3.0 0.0016252839506172838 0.02200273185185185 0.0 0.0 0.0 0.0 1.0 0.0 1.0 -360.0 360.0 ;
2.0 3.0 0.0038222222222222225 0.06755555555555556 0.021470821875 0.0 0.0 0.0 0.0 0.0 1.0 -360.0 360.0 ;
2.0 3.0 0.010277530864197531 0.1402469135802469 0.010131024375 0.0 0.0 0.0 0.0 0.0 1.0 -360.0 360.0 ;
15.0 2.0 0.004345679012345679 0.13471604938271606 0.0419873625 0.0 0.0 0.0 0.0 0.0 1.0 -360.0 360.0 ;
9.0 7.0 1.3492148760330577E-4 0.011110291322314048 -0.0687389868 0.0 0.0 0.0 1.0 0.0 1.0 -360.0 360.0 ;
6.0 1.0 0.0018751329639889198 0.010054642659279777 0.0 0.0 0.0 0.0 1.0 0.0 1.0 -360.0 360.0 ;
5.0 17.0 9.232686980609419E-6 4.153601108033241E-5 0.0 0.0 0.0 0.0 1.0 0.0 1.0 -360.0 360.0 ;
1.0 11.0 7.271468144044322E-4 0.008310249307479225 0.216389176 0.0 0.0 0.0 0.0 0.0 1.0 -360.0 360.0 ;
14.0 10.0 0.00145 0.01265 0.04021232 0.0 0.0 0.0 0.0 0.0 1.0 -360.0 360.0 ;
4.0 6.0 8.653801652892561E-4 0.04829271900826446 -0.010047101899999999 0.0 0.0 0.0 1.0 0.0 1.0 -360.0 360.0 ;
16.0 2.0 0.00908641975308642 0.1362962962962963 0.010973981249999999 0.0 0.0 0.0 0.0 0.0 1.0 -360.0 360.0 ;
7.0 10.0 8.437500000000001E-4 0.0174796475 -0.007111200000000001 0.0 0.0 0.0 1.0 0.0 1.0 -360.0 360.0 ;
1.0 14.0 1.6620498614958447E-4 0.0013850415512465374 0.0363824464 0.0 0.0 0.0 0.0 0.0 1.0 -360.0 360.0 ;
3.0 17.0 2.243130193905817E-4 0.0041198656509695295 0.0 0.0 0.0 0.0 1.0 0.0 1.0 -360.0 360.0 ;
1.0 17.0 6.222036011080332E-4 0.011914216066481995 0.00351975 0.0 0.0 0.0 0.0 0.0 1.0 -360.0 360.0 ;
7.0 16.0 0.010454545454545454 0.14256198347107438 0.009792239599999999 0.0 0.0 0.0 0.0 0.0 1.0 -360.0 360.0 ;
11.0 10.0 6.375E-4 0.0075 0.22619472 0.0 0.0 0.0 0.0 0.0 1.0 -360.0 360.0 ;
];
